223
468
471
477
478
479
480
486
487
499
500
566
568
589
590
591
592
636
683
688
724
759
764
765
766
1087
1088
1092
1392
1395
1479
1569
1570
1574
1575
1576
1577
1578
1584
1585
1586
1587
1596
1597
1598
1599
1600
1601
1602
1603
1604
1605
1606
1608
1609
1610
1611
1612
1613
1614
1615
1616
1617
1623
1624
1625
1626
1628
1629
1638
1639
1645
1646
1647
1648
1650
1651
1652
1657
1658
1667
1668
1669
1670
1671
1672
1673
1674
1675
1676
1677
1678
1679
1680
1681
1682
1683
1684
1685
1686
1687
1688
1689
1690
1691
1692
1693
1694
1695
1696
1697
1698
1699
1700
1701
1702
1703
1704
1705
1706
1707
1708
1709
1710
1711
1712
1713
1714
1715
1716
1717
1732
1733
1734
1735
1736
1737
1738
1740
1749
1750
1751
1752
1753
1754
1755
1756
1757
1763
1766
1767
1768
1769
1770
1771
1773
1774
1775
1776
1777
1778
1787
1789
1792
1793
1794
1795
1796
1797
1798
1799
1800
1801
1802
1803
1804
1805
1806
1807
1808
1809
1810
1811
1812
1813
1814
1815
1816
1817
1818
1819
1820
1821
1823
1824
1826
1827
1836
1846
1847
1848
1849
1850
1863
1864
1865
1866
1961
1962
2009
2012
2017
2018
2019
2020
2048
2049
2050
2051
2052
2053
2054
2055
2056
2058
2059
2060
2061
2062
2063
2064
2065
2066
2067
2068
2069
2070
2071
2072
2073
2074
2075
2076
2077
2078
2079
2080
2081
2082
2083
2092
2093
2094
2095
2096
2097
2098
2099
2100
2101
2102
2106
2107
2116
2117
2175
2182
2184
2185
2206
2233
2238
2239
2248
2320
2399
2400
2401
2706
2710
2711
2712
2713
2715
2720
2721
2722
2723
2732
2733
2734
2735
2736
2737
2738
2739
2740
2741
2742
2744
2745
2746
2748
2749
2750
2751
2752
2753
2754
2755
2756
2762
2763
2764
2765
2767
2768
2769
2774
2775
2784
2785
2786
2787
2788
2789
2790
2791
2792
2793
2794
2795
2796
2797
2798
2799
2800
2801
2802
2803
2804
2805
2806
2807
2808
2809
2810
2811
2812
2813
2814
2815
2816
2817
2818
2819
2820
2821
2822
2823
2824
2825
2826
2827
2828
2829
2830
2831
2832
2833
2834
2846
2847
2848
2849
2850
2851
2852
2853
2855
2864
2865
2866
2867
2868
2871
2874
2875
2876
2877
2878
2879
2880
2881
2882
2884
2885
2890
2892
2895
2896
2897
2898
2899
2900
2901
2902
2903
2904
2905
2906
2907
2908
2909
2910
2912
2913
2914
2915
2916
2917
2918
2919
2920
2921
2922
2923
2924
2925
2926
2928
2929
2934
2935
2936
2937
2938
2939
2946
2947
2948
2949
3057
3060
3083
3084
3085
3086
3087
3088
3089
3090
3091
3093
3094
3095
3096
3097
3098
3099
3100
3101
3102
3103
3104
3105
3106
3107
3108
3109
3110
3111
3112
3113
3114
3115
3116
3117
3118
3119
3120
3121
3122
3123
3124
3125
3126
3127
3128
3129
3133
3134
3143
3144
3381
3382
3384
3385
3386
3387
3388
3389
3390
3391
3392
3393
3394
3395
3396
3397
3398
3399
3400
3401
3402
3403
3404
3405
3406
3407
3408
3409
3410
3411
3412
3413
3414
3415
3416
3417
3418
3419
3420
3425
3426
3427
3428
3429
3430
3431
3432
3433
3434
3435
3436
3437
3438
3439
3440
3441
3442
3443
3444
3445
3446
3454
3455
3456
3457
3464
3465
3466
3467
3468
3469
3470
3471
3472
3473
3474
3475
3476
3477
3478
3479
3480
3481
3482
3483
3484
3485
3486
3487
3489
3490
3491
3492
3493
3499
3501
3502
3503
3504
3506
3507
3508
3509
3511
3512
3513
3515
3521
3526
3527
3531
3533
3534
3537
3538
3541
3543
3546
3548
3551
3552
3556
3563
3564
3571
3573
3575
3577
3578
3579
3580
3581
3582
3583
3584
3585
3586
3587
3588
3590
3591
3593
3594
3595
3596
3597
3598
3599
3600
3601
3604
3605
3606
3607
3608
3609
3610
3611
3612
3613
3614
3617
3618
3621
3623
3624
3625
3626
3627
3628
3629
3630
3633
3634
3635
3636
3637
3639
3640
3641
3642
3643
3644
3651
3653
3654
3655
3656
3657
3658
3659
3660
3661
3662
3663
3664
3665
3666
3667
3668
3669
3670
3671
3672
3673
3676
3677
3678
3679
3698
3701
3703
3710
3714
3715
3716
3717
3722
3724
3725
3726
3727
3728
3730
3734
3737
3738
3739
3740
3742
3744
3745
3752
3753
3754
3756
3757
3761
3762
3769
3771
3772
3784
3790
3791
3792
3793
3794
3795
3796
3797
3798
3799
3800
3801
3802
3803
3804
3805
3806
3807
3808
3810
3811
3813
3816
3817
3818
3819
3820
3821
3822
3825
3826
3829
3831
3834
3836
3837
3838
3839
3843
3844
3845
3846
3914
3915
3916
3917
3918
3919
3920
3921
3922
3923
3924
3925
3926
3927
3928
